# Created by Octave 3.8.1, Mon Jul 11 00:08:14 2016 PDT <lucas@hellyeah>
# name: data
# type: matrix
# rows: 1002
# columns: 2
 0 1
 0.75 0.25
 0.08428812026977539 0.09841394424438477
 0.06987309455871582 0.1255340576171875
 0.06260204315185547 0.1182761192321777
 0.05602908134460449 0.1260128021240234
 0.06309604644775391 0.1221609115600586
 0.07169699668884277 0.1256170272827148
 0.06265091896057129 0.1185410022735596
 0.05770111083984375 0.1266210079193115
 0.05691289901733398 0.1267189979553223
 0.0525970458984375 0.1225540637969971
 0.05144095420837402 0.1170988082885742
 0.07873392105102539 0.1245319843292236
 0.07274389266967773 0.1254441738128662
 0.06093096733093262 0.1256809234619141
 0.05589985847473145 0.1227109432220459
 0.05294108390808105 0.1252539157867432
 0.0539240837097168 0.1215829849243164
 0.05412101745605469 0.1247148513793945
 0.05385899543762207 0.1192750930786133
 0.05175399780273438 0.1261310577392578
 0.05422687530517578 0.1253969669342041
 0.05605101585388184 0.1259210109710693
 0.07172799110412598 0.1237621307373047
 0.06571197509765625 0.1248528957366943
 0.07548403739929199 0.1250159740447998
 0.06889796257019043 0.121671199798584
 0.05789995193481445 0.1211650371551514
 0.080718994140625 0.1240098476409912
 0.07117605209350586 0.126859188079834
 0.06064391136169434 0.1234679222106934
 0.05567693710327148 0.1229269504547119
 0.05292081832885742 0.1243019104003906
 0.07076215744018555 0.1265890598297119
 0.07880187034606934 0.1236851215362549
 0.08453106880187988 0.1223461627960205
 0.07552003860473633 0.1266889572143555
 0.06899714469909668 0.1227500438690186
 0.05813002586364746 0.122736930847168
 0.05639290809631348 0.1225910186767578
 0.07104897499084473 0.1239328384399414
 0.05681490898132324 0.1429760456085205
 0.06696796417236328 0.1193690299987793
 0.0674889087677002 0.1244950294494629
 0.05920195579528809 0.122279167175293
 0.07399606704711914 0.1236100196838379
 0.05699419975280762 0.1257190704345703
 0.05202007293701172 0.1208920478820801
 0.05350399017333984 0.1257100105285645
 0.05515217781066895 0.1153910160064697
 0.05968904495239258 0.1256179809570312
 0.08006000518798828 0.1225349903106689
 0.06559896469116211 0.1214849948883057
 0.08021306991577148 0.1232831478118896
 0.08392500877380371 0.1266419887542725
 0.08468198776245117 0.1212449073791504
 0.06907510757446289 0.1261119842529297
 0.07106995582580566 0.1259920597076416
 0.06366395950317383 0.1273469924926758
 0.05789089202880859 0.1211440563201904
 0.07500505447387695 0.1242718696594238
 0.06765413284301758 0.1244661808013916
 0.0638740062713623 0.1228091716766357
 0.05710697174072266 0.1094150543212891
 0.07058119773864746 0.12483811378479
 0.06415295600891113 0.1241121292114258
 0.05925512313842773 0.1245079040527344
 0.0546109676361084 0.1259829998016357
 0.05526494979858398 0.1233720779418945
 0.05275893211364746 0.1240530014038086
 0.05164098739624023 0.1269440650939941
 0.05449581146240234 0.1235380172729492
 0.05649590492248535 0.121967077255249
 0.06256699562072754 0.1137731075286865
 0.05488705635070801 0.1209452152252197
 0.0527498722076416 0.1257050037384033
 0.05381608009338379 0.1237800121307373
 0.05381107330322266 0.1234078407287598
 0.05468297004699707 0.1271040439605713
 0.05945706367492676 0.1258800029754639
 0.06544589996337891 0.122776985168457
 0.06119704246520996 0.1360368728637695
 0.08008503913879395 0.1267948150634766
 0.06690096855163574 0.1225669384002686
 0.05762100219726562 0.1247680187225342
 0.05492401123046875 0.1261811256408691
 0.06875991821289062 0.1289539337158203
 0.07965397834777832 0.1219828128814697
 0.07083392143249512 0.1292521953582764
 0.06051301956176758 0.123600959777832
 0.07142400741577148 0.1222710609436035
 0.05877590179443359 0.1224818229675293
 0.05649900436401367 0.1246721744537354
 0.05438685417175293 0.1240429878234863
 0.05483889579772949 0.1268889904022217
 0.07890200614929199 0.1252231597900391
 0.06719398498535156 0.1264290809631348
 0.06109905242919922 0.1234068870544434
 0.08053088188171387 0.1249990463256836
 0.06921005249023438 0.1222951412200928
 0.06227993965148926 0.1238830089569092
 0.07128810882568359 0.1263480186462402
 0.08162379264831543 0.1312270164489746
 0.07635402679443359 0.1256160736083984
 0.06373095512390137 0.1266520023345947
 0.08060979843139648 0.1238620281219482
 0.06814908981323242 0.1260380744934082
 0.0764768123626709 0.1241428852081299
 0.06916499137878418 0.1240239143371582
 0.08626413345336914 0.1218461990356445
 0.0644528865814209 0.1228499412536621
 0.0583651065826416 0.1228618621826172
 0.07925176620483398 0.1224939823150635
 0.06424999237060547 0.1260099411010742
 0.05765008926391602 0.1268408298492432
 0.05645895004272461 0.124168872833252
 0.05281400680541992 0.1272010803222656
 0.05297708511352539 0.1252219676971436
 0.05479001998901367 0.1227381229400635
 0.07751798629760742 0.1232979297637939
 0.07457900047302246 0.1220800876617432
 0.08919501304626465 0.1236021518707275
 0.07059693336486816 0.1263020038604736
 0.06196093559265137 0.1225929260253906
 0.0796351432800293 0.1227879524230957
 0.08346199989318848 0.1238799095153809
 0.08568906784057617 0.1240389347076416
 0.07273411750793457 0.1273739337921143
 0.08957004547119141 0.1251599788665771
 0.06981897354125977 0.1268160343170166
 0.07459020614624023 0.1217179298400879
 0.06611204147338867 0.123370885848999
 0.06067299842834473 0.1157021522521973
 0.06020593643188477 0.1245841979980469
 0.06210494041442871 0.1227328777313232
 0.07649588584899902 0.1216599941253662
 0.06205916404724121 0.126474142074585
 0.07979393005371094 0.1215419769287109
 0.0694730281829834 0.12158203125
 0.06364583969116211 0.123723030090332
 0.05559802055358887 0.1269199848175049
 0.08226418495178223 0.1263139247894287
 0.06920385360717773 0.1266090869903564
 0.06263113021850586 0.1247730255126953
 0.08181309700012207 0.1257340908050537
 0.06926679611206055 0.1192460060119629
 0.07404112815856934 0.1204180717468262
 0.0812530517578125 0.1264710426330566
 0.07833099365234375 0.1221840381622314
 0.08333086967468262 0.1236600875854492
 0.07813501358032227 0.1062848567962646
 0.07001495361328125 0.1281988620758057
 0.07939910888671875 0.1241049766540527
 0.06769585609436035 0.1277480125427246
 0.05869889259338379 0.1222119331359863
 0.05343198776245117 0.1248440742492676
 0.05279302597045898 0.1242761611938477
 0.07045602798461914 0.1239109039306641
 0.06138801574707031 0.1234781742095947
 0.05963993072509766 0.1265690326690674
 0.05173802375793457 0.1238069534301758
 0.05289697647094727 0.1228969097137451
 0.05232095718383789 0.1107988357543945
 0.05274581909179688 0.126535177230835
 0.05392313003540039 0.1261820793151855
 0.07146000862121582 0.1221458911895752
 0.07191205024719238 0.1233580112457275
 0.07833099365234375 0.1220178604125977
 0.07993412017822266 0.1251130104064941
 0.08545708656311035 0.1277191638946533
 0.06998991966247559 0.1197497844696045
 0.05990910530090332 0.1247391700744629
 0.05171084403991699 0.1243619918823242
 0.0550999641418457 0.1263699531555176
 0.05276799201965332 0.1222851276397705
 0.05257201194763184 0.1227991580963135
 0.05321002006530762 0.1246359348297119
 0.0554969310760498 0.1216530799865723
 0.07593083381652832 0.1246151924133301
 0.08158588409423828 0.1256189346313477
 0.07087588310241699 0.122384786605835
 0.07253003120422363 0.1267790794372559
 0.06267905235290527 0.1221308708190918
 0.06998705863952637 0.1224489212036133
 0.06334614753723145 0.1220760345458984
 0.05801796913146973 0.1239340305328369
 0.06684589385986328 0.1211638450622559
 0.08110213279724121 0.1268389225006104
 0.06081581115722656 0.1253719329833984
 0.07202720642089844 0.1257150173187256
 0.0672299861907959 0.1252617835998535
 0.05892395973205566 0.1273479461669922
 0.06015491485595703 0.1256561279296875
 0.05736088752746582 0.1224548816680908
 0.05480003356933594 0.1240689754486084
 0.05931591987609863 0.126439094543457
 0.05305600166320801 0.1229279041290283
 0.05290889739990234 0.1233458518981934
