# name: data
# type: matrix
# rows: 1002
# columns: 2
0 1
0.5 0.5
0.08458590507507324 0.07769393920898438
0.07030606269836426 0.1044070720672607
0.0828709602355957 0.1055548191070557
0.08105111122131348 0.1051120758056641
0.07542586326599121 0.10111403465271
0.07268905639648438 0.09035515785217285
0.06479787826538086 0.1031639575958252
 0.05646705627441406 0.1022751331329346
 0.05307984352111816 0.1041228771209717
 0.05541110038757324 0.1018619537353516
 0.06969308853149414 0.1041929721832275
 0.08076786994934082 0.1019561290740967
 0.06123208999633789 0.09231901168823242
 0.0593721866607666 0.1060590744018555
 0.05762290954589844 0.09143590927124023
 0.05381011962890625 0.08628010749816895
 0.05200815200805664 0.1058840751647949
 0.05194187164306641 0.1001451015472412
 0.08154797554016113 0.08732080459594727
 0.06725406646728516 0.1036698818206787
 0.05727696418762207 0.09485292434692383
 0.05646586418151855 0.105381965637207
 0.05313801765441895 0.0903160572052002
 0.05465388298034668 0.1014540195465088
 0.05291199684143066 0.1064329147338867
 0.0786440372467041 0.09183382987976074
 0.06703901290893555 0.09258508682250977
 0.06241488456726074 0.1009831428527832
 0.05346107482910156 0.1023600101470947
 0.05149507522583008 0.1077759265899658
 0.07163596153259277 0.09518289566040039
 0.06159710884094238 0.08628487586975098
 0.07586503028869629 0.08069896697998047
 0.07295584678649902 0.1013331413269043
 0.06179690361022949 0.08861708641052246
 0.05891895294189453 0.1022059917449951
 0.07927417755126953 0.1048738956451416
 0.06410503387451172 0.09930586814880371
 0.08452296257019043 0.1058700084686279
 0.07468986511230469 0.102154016494751
 0.07989788055419922 0.10732102394104
 0.07085084915161133 0.1043260097503662
 0.06169390678405762 0.09087395668029785
 0.06124591827392578 0.1026918888092041
 0.05673789978027344 0.1071882247924805
 0.05460810661315918 0.1078569889068604
 0.05225610733032227 0.1031570434570312
 0.05277013778686523 0.09049892425537109
 0.05681896209716797 0.1043078899383545
 0.07530999183654785 0.1067771911621094
 0.08023190498352051 0.102942943572998
 0.100092887878418 0.1043980121612549
 0.0788428783416748 0.08737993240356445
 0.0794069766998291 0.08409500122070312
 0.07416892051696777 0.1024839878082275
 0.07217502593994141 0.09993100166320801
 0.06110191345214844 0.1109931468963623
 0.05524897575378418 0.09912705421447754
 0.05506300926208496 0.1048109531402588
 0.06866979598999023 0.1057121753692627
 0.06076693534851074 0.1058230400085449
 0.07521510124206543 0.1041309833526611
 0.07357406616210938 0.1023530960083008
 0.06114006042480469 0.1032099723815918
 0.05619502067565918 0.09002304077148438
 0.05318212509155273 0.1048009395599365
 0.05467391014099121 0.1048839092254639
 0.06730198860168457 0.09174704551696777
 0.06745195388793945 0.08533692359924316
 0.06001710891723633 0.07713794708251953
 0.06014800071716309 0.100848913192749
 0.05806112289428711 0.09746003150939941
 0.08288788795471191 0.1023948192596436
 0.08447885513305664 0.1028420925140381
 0.08301401138305664 0.1049730777740479
 0.06910586357116699 0.1052348613739014
 0.0586550235748291 0.1035230159759521
 0.05361604690551758 0.1024999618530273
 0.05235791206359863 0.09131217002868652
 0.05330991744995117 0.08658003807067871
 0.05252504348754883 0.08020997047424316
 0.05272817611694336 0.1075780391693115
 0.0527491569519043 0.1046290397644043
 0.0541689395904541 0.10260009765625
 0.05271005630493164 0.09376406669616699
 0.05287289619445801 0.1071610450744629
 0.05774092674255371 0.1089110374450684
 0.05220699310302734 0.09234094619750977
 0.05163908004760742 0.08513498306274414
 0.05420613288879395 0.1040680408477783
 0.06152105331420898 0.09190607070922852
 0.05696702003479004 0.1059038639068604
 0.0538489818572998 0.08900594711303711
 0.07742404937744141 0.0867459774017334
 0.0543830394744873 0.09904813766479492
 0.07469892501831055 0.1030070781707764
 0.07193207740783691 0.104996919631958
 0.06288290023803711 0.1047759056091309
 0.05901002883911133 0.1058120727539062
 0.05594491958618164 0.103126049041748
 0.05229806900024414 0.1013541221618652
 0.05176901817321777 0.1034560203552246
 0.08629798889160156 0.1043729782104492
 0.0824129581451416 0.08924412727355957
 0.08629202842712402 0.1039600372314453
 0.07270002365112305 0.09450006484985352
 0.07510900497436523 0.08332514762878418
 0.06156110763549805 0.1010799407958984
 0.05666112899780273 0.09161996841430664
 0.05264019966125488 0.1026618480682373
 0.05251193046569824 0.09014987945556641
 0.06096601486206055 0.1029059886932373
 0.05976700782775879 0.09467101097106934
 0.07988691329956055 0.08561086654663086
 0.06594014167785645 0.09959197044372559
 0.05918502807617188 0.1043450832366943
 0.05984377861022949 0.1063799858093262
 0.07150912284851074 0.0985109806060791
 0.05783319473266602 0.1037728786468506
 0.05537199974060059 0.1111490726470947
 0.05255985260009766 0.09526610374450684
 0.05188894271850586 0.1019880771636963
 0.07605981826782227 0.1026461124420166
 0.06551623344421387 0.09892487525939941
 0.05951619148254395 0.1057560443878174
 0.06950807571411133 0.1052360534667969
 0.07011318206787109 0.08981895446777344
 0.0817568302154541 0.09955120086669922
 0.07435107231140137 0.1006488800048828
 0.0739288330078125 0.1008999347686768
 0.06713294982910156 0.09938812255859375
 0.06151580810546875 0.0898590087890625
 0.05794405937194824 0.1044600009918213
 0.05405998229980469 0.105039119720459
 0.08667993545532227 0.1019411087036133
 0.0727241039276123 0.1031899452209473
 0.06571316719055176 0.1048212051391602
 0.08158183097839355 0.1058418750762939
 0.07270908355712891 0.09922504425048828
 0.08118414878845215 0.1036109924316406
 0.06678509712219238 0.08754587173461914
 0.06007003784179688 0.08067584037780762
 0.08455491065979004 0.1038141250610352
 0.07214593887329102 0.09104299545288086
 0.07679486274719238 0.1022899150848389
 0.08192896842956543 0.09139394760131836
 0.07024598121643066 0.07620406150817871
 0.06844401359558105 0.1001219749450684
 0.06915402412414551 0.1004540920257568
 0.05914998054504395 0.09626197814941406
 0.07524585723876953 0.1054420471191406
 0.08161211013793945 0.09672784805297852
 0.06850981712341309 0.1047561168670654
 0.05719685554504395 0.09065794944763184
 0.06363391876220703 0.1053040027618408
 0.06028485298156738 0.1021168231964111
 0.0535280704498291 0.1098439693450928
 0.05343103408813477 0.1033539772033691
 0.06561779975891113 0.100398063659668
 0.08217811584472656 0.08982586860656738
 0.08318209648132324 0.08345293998718262
 0.07079792022705078 0.1032838821411133
 0.06784200668334961 0.09026002883911133
 0.06628203392028809 0.08530497550964355
 0.06356596946716309 0.08804893493652344
 0.05480194091796875 0.07889389991760254
 0.05753397941589355 0.1060168743133545
 0.05345296859741211 0.1018319129943848
 0.05500006675720215 0.08913183212280273
 0.05386519432067871 0.08290696144104004
 0.07404208183288574 0.1103620529174805
 0.06867694854736328 0.1011788845062256
 0.0638279914855957 0.1049020290374756
 0.07219886779785156 0.09621000289916992
 0.06188488006591797 0.1047317981719971
 0.05643010139465332 0.1056671142578125
 0.07811093330383301 0.09495902061462402
 0.06926989555358887 0.0959479808807373
 0.05962109565734863 0.1029810905456543
 0.0542149543762207 0.08600997924804688
 0.05377507209777832 0.1022610664367676
 0.0812981128692627 0.1046090126037598
 0.07698893547058105 0.09148883819580078
 0.06691598892211914 0.08618998527526855
 0.07107186317443848 0.1029400825500488
 0.06428003311157227 0.1021411418914795
 0.05454301834106445 0.1050798892974854
 0.0519568920135498 0.1075952053070068
 0.06541585922241211 0.1054129600524902
 0.06137585639953613 0.09273791313171387
 0.05563116073608398 0.08444714546203613
 0.05202198028564453 0.08327603340148926
 0.05204582214355469 0.07527589797973633
 0.05247116088867188 0.0748131275177002
 0.05640912055969238 0.1002159118652344
 0.05351805686950684 0.0845339298248291
 0.05431509017944336 0.08500313758850098
